3466
22281
4174
20304
27026
25390
21007
6571
21418
4300
27368
22425
5962
20176
10104
9707
17979
28384
26512
24793
15046
20831
10052
17397
5781
1190
28530
8467
24315
12228
26766
28218
23438
23133
15612
28535
2475
25626
11665
21251
21479
16176
19265
3781
20034
12337
3923
13523
31343
23070
22082
3381
32030
14648
9096
2737
8320
19801
28215
23055
14253
22469
13384
2269
5208
9161
12272
10377
693
623
4111
17510
5274
29781
22327
5124
31053
7680
14217
29776
1081
10902
15332
6274
8269
10320
7932
19551
20341
30593
18668
27627
2015
2824
1693
7892
10484
26756
2161
24296
27918
17064
12371
11408
12897
2789
1227
16352
3977
15084
5101
12607
25368
10192
12365
17190
12751
26260
10111
22556
16572
14250
21063
23349
24924
4867
16770
227
19128
8448
22442
26028
17575
3274
29525
6329
24947
22688
8733
14080
19158
21520
25133
30132
11383
12308
5347
10055
25882
32511
10200
1584
2892
32627
20876
13710
3534
26703
7080
5979
15833
45
5197
3190
28869
28795
19695
2327
16718
26676
16140
17462
23575
11054
28324
14345
8341
12140
31457
15768
3404
1987
32038
8763
18604
20898
17237
18888
5126
29247
16062
31585
2056
19049
27190
12428
21564
11917
25839
12738
2899
6291
777
1851
29386
6821
18825
6110
21714
16619
39
15313
879
13275
6149
6499
19845
3870
13584
10926
29198
18481
16849
28369
7395
19775
8557
3368
1890
4941
15802
21103
30467
5319
25226
12068
4438
8960
3068
13195
8011
17673
3907
27103
5849
24710
10925
28701
17984
17263
31927
12925
11004
21693
22665
1092
23858
23946
8733
4245
1424
3476
17616
6478
5052
25203
18897
9483
31318
9273
8982
18134
8517
12283
2502
22358
20287
14302
17144
29186
32469
15257
15242
21896
17009
9858
11269
1925
12694
4660
29861
15747
7526
9931
31583
5733
542
27212
8987
9421
2388
3830
16162
10221
5545
5547
29008
24769
10976
15372
28273
18383
22628
17713
12327
3660
7056
9030
4641
29942
31585
17894
26660
13118
19907
2924
135
32654
24870
12271
30498
11615
30335
31361
2138
3632
13423
2023
13777
27494
7548
24683
32308
3333
22340
32425
3150
23327
21071
22263
1054
30732
16540
8611
3889
8327
2034
2277
20626
15687
2638
4664
20256
20303
15078
15287
8127
19477
4122
12989
28139
9728
361
29834
16883
12065
1261
3103
8947
2672
