2090
8659
29180
25829
12026
20472
31005
31067
30308
28249
13155
27505
21050
8244
21173
25750
24790
8468
26079
83
26507
17625
29569
23102
13509
3964
814
17007
73
3971
30136
32505
4045
25557
493
18480
20996
13349
28723
1993
6808
29118
4303
22335
26216
8272
30535
32415
2923
21353
7565
9465
27203
20763
14646
6065
12415
473
14807
26882
15931
6016
10767
1533
3351
21964
22939
1906
36
6102
32590
22351
30285
25688
21495
20979
27022
25884
9237
7435
26582
467
1230
19449
22256
1293
25658
21166
18492
21339
27708
20327
23007
8098
19000
19288
21374
4856
29599
3869
2288
29460
16812
20435
17531
10209
5777
26688
26613
18754
14552
6869
14340
24018
14027
7328
21725
9289
18681
11367
20631
6989
31615
6756
24892
16595
23256
19558
21040
25415
13769
15349
15820
22274
22235
31495
4557
17803
9578
26479
13235
2031
23678
17617
15156
26299
782
674
16024
4712
26486
18872
21259
10875
14628
3483
31373
28884
31807
17234
1426
12267
24046
9898
11807
8573
11474
10290
1927
31574
25029
31473
9380
29469
31271
3654
4716
4197
26752
2361
1925
1384
6262
13579
15528
31878
27742
8560
23176
1694
5881
17979
17176
31071
22987
11555
23802
14296
12189
30610
29494
17708
10421
31863
8986
1589
13163
8428
11514
21702
21683
25448
27202
2110
20054
14743
14491
27546
8006
19202
8419
28235
26297
23740
26646
21249
19686
21834
4381
2331
27072
13247
28373
16876
27696
28473
11180
30661
22281
1
17752
3349
20214
18676
28566
12992
23329
18120
23560
26006
87
4118
377
26756
11487
13005
14238
10465
21545
7146
11647
23141
22850
29977
6836
13699
21862
22692
16895
31019
10933
19292
9850
151
89
16297
780
22429
1144
20425
28924
2230
15219
25272
21478
13082
15938
23123
3360
26176
7216
25906
5368
26356
12989
11813
8322
15118
4291
22919
25290
31803
24064
12690
20715
27149
26130
3447
23967
2373
10963
26253
8642
31012
8148
24628
27660
11458
19646
23596
10785
8204
23645
20546
9107
16380
31338
9701
30496
15684
29365
788
28446
9731
13168
6373
11876
8526
5911
14173
32494
14838
7518
12456
11092
12936
1070
18827
18400
27368
10516
27223
18522
24888
23613
30534
1552
22445
29047
19635
23406
26405
24212
32528
2766
21771
23444
3320
13042
3045
14225
30923
27873
25871
22776
24657
759
20238
31360
25902
22428
20711
9094
19489
29669
8618
13996
11476
2009
17305
26316
10298
6891
17150
14047
4747
18497
4676
110
28859
22749
951
14429
5181
26508
20221
19244
28142
23750
26509
18582
23974
32373
4753
30190
16789
3724
29921
30919
31634
15190
11675
23601
1584
20394
15755
16949
28944
16682
26575
23533
3397
19723
19937
21239
4145
23738
7335
28178
30956
120
27010
14283
308
26249
7641
4378
7239
31983
1223
27072
26655
10977
3829
17638
25609
11301
3588
14133
15305
14213
17964
9362
28087
17985
10161
8477
7231
8427
4669
23874
28743
11892
18416
18646
15688
22568
23677
12976
25161
7125
29554
25125
24522
22913
4899
28779
19519
15831
17811
862
24271
15990
7709
30001
8895
20295
12364
22517
23631
19371
30793
13288
27530
30768
1577
32351
11054
9235
5314
22589
1493
12178
16578
9725
11194
29102
20275
13267
12649
8706
1310
14054
17566
13995
31547
22007
5089
26910
11768
7786
28583
19834
28191
21523
17624
1182
22116
22349
27424
26394
22677
6075
25327
28866
19197
10726
13989
997
29257
14657
1334
20279
27105
22851
24390
14969
16888
28017
15841
24038
31623
7266
17895
3449
5857
30298
4166
18121
8435
10777
2180
11126
499
15720
22007
10792
31216
12264
20929
12672
11143
27177
23150
18131
2287
20303
20156
14274
3133
4291
27188
18493
19544
3389
13003
30729
2028
21727
26230
20512
11818
26354
22282
2608
32030
31330
24803
19263
23530
24648
30135
8624
9290
12839
20641
11102
29658
5667
14493
8168
9266
26048
31657
10735
29027
16622
8232
12426
835
15082
31370
16880
15336
13576
1541
18490
16420
22699
4451
13890
1429
2686
3912
14273
19871
14589
29438
27497
27054
7765
14465
18644
25787
8399
12092
24402
17143
25937
24964
14227
24054
23368
24488
20270
11189
27487
29822
16686
14626
11689
11807
19438
16700
29587
10155
9822
15484
15560
240
6338
15970
25627
2046
15339
23114
12404
24563
1018
14871
4941
6568
28781
32576
15527
7942
27168
23310
25630
14623
1177
18026
6492
967
23986
18446
21957
18494
25633
16740
23561
10312
25248
23274
5083
827
5586
2953
11566
4791
12307
12814
14917
29564
22084
30742
6055
10487
7932
32124
14484
6227
13178
22858
14726
1672
14552
19412
1542
7333
23914
26335
9352
304
14331
26758
8421
22238
2471
8790
3293
19312
32358
22418
6259
28900
20827
15653
13613
324
30757
3825
7861
1119
5579
21353
24313
7839
30536
11078
4671
23155
13631
25206
6513
17297
1743
11092
26026
4309
6462
2917
6524
22464
24584
2166
13616
6754
14739
30857
19237
28949
8913
27083
7396
15191
12354
29036
19265
14632
11751
3943
20273
23909
19351
11881
3447
4643
3404
29683
9439
432
28032
19159
29346
15050
23108
23919
3848
5071
19149
17733
17047
23452
19346
25627
1832
3449
8629
10013
18854
18392
4719
8520
29425
25641
22768
17328
9510
2099
23292
4813
16720
32497
28750
14509
3483
12317
3167
13663
7861
10983
16002
25969
26084
2712
22292
29441
30622
32692
14806
13380
30742
820
14246
28420
15227
32142
4635
5405
27633
28663
7922
10115
11925
4287
6183
29778
28184
9463
17632
6440
19394
21099
8508
30039
2333
20609
21284
26787
18302
22307
12269
12041
22888
13091
29664
30739
3895
5706
22998
11560
8530
14554
23774
17178
20636
15216
16168
12779
3733
1806
12127
17057
15602
2781
17838
23266
14271
4568
13089
6614
14960
10273
31655
6664
10590
12039
26266
27162
28330
18413
8598
26551
21737
10671
28263
27806
23277
21417
25240
1558
29378
5532
22696
24837
30711
14049
26012
3792
20261
17656
4122
19422
31481
25570
6827
24180
19434
3811
6469
23013
18526
18718
20322
8390
764
14233
20893
7810
15354
15928
14676
2616
27878
32559
12123
32493
1389
29174
25308
11912
5094
29823
4950
594
19855
21080
489
30771
9273
13491
3877
30992
25763
30137
18011
20765
24343
16096
30547
17542
32727
10929
29859
29868
10941
4331
26143
31927
20629
3639
21464
9674
9139
29373
26821
27939
9569
29544
21952
15961
32338
29136
13857
14635
15009
25918
14590
26311
23978
8971
27545
5590
69
23225
29125
29421
2600
14513
4147
31604
8439
4188
9443
27942
21833
4814
26466
4285
7216
14684
21379
23576
4969
31758
30713
3347
18215
8765
15915
362
22881
4943
21314
1300
27630
31882
26037
14283
432
22738
22724
27591
31037
5506
2350
21692
9193
1416
4320
5018
3837
25299
8883
14256
251
23284
27304
11591
5691
10270
24634
2019
6602
24771
12151
26032
9663
22289
3929
21633
422
7932
29266
29407
30953
15203
12673
5956
16878
26710
13561
14415
30169
27000
3964
17854
17716
8023
29419
19171
17275
28999
10288
27547
16216
25927
2651
3497
31165
1118
27849
10661
865
10323
3568
16716
13517
29322
28745
30960
13033
9315
31981
29600
4072
7906
796
3968
23921
12605
28269
13299
14370
20797
32264
2054
8112
26062
22423
17475
7984
19447
3047
2824
3952
32237
31169
7329
27971
30442
28246
32579
25161
25635
21680
20970
18903
25132
21430
27316
7089
29197
16646
9082
5232
31692
5497
1601
11447
30464
18082
270
24328
24102
29384
29956
30422
23563
24424
3121
32279
22383
2188
22356
17973
23865
3447
7977
18786
300
3038
2302
24714
25345
3286
4023
4887
13883
14511
20771
11492
3285
1854
13603
12220
12001
24410
31841
17985
4783
1362
28571
7369
15879
12742
16544
20096
25614
8559
343
11133
28723
16014
25980
20871
10301
8910
11550
2760
13
15290
28697
11416
482
10035
12669
11295
6950
6475
15401
26882
28259
18605
5077
26189
18459
18659
19921
10421
8289
29944
28132
22775
21554
398
21204
10526
10226
30506
29418
2555
1112
11336
19276
13794
24205
11828
14581
27969
20160
32619
16164
17941
20216
4757
11696
939
7335
20856
25257
14463
19115
8248
26046
28732
24072
30058
18457
22100
5753
21556
24049
29238
8599
9626
22379
3121
26737
3964
7165
21725
20267
5064
28210
1944
28236
6025
21731
24275
13022
23808
843
17872
20855
2837
22723
30955
30801
11541
14505
14510
8108
5347
20223
12786
10521
18547
16566
30656
22273
21005
10739
7623
27391
2323
24698
26842
4514
18031
31185
23562
11591
31029
21311
2246
3162
13302
32595
25153
26040
9488
8845
24723
30756
27982
31113
4608
10817
11571
24352
22567
24256
9055
25052
3243
30419
11760
10067
3279
30880
11184
16843
20462
2717
32
18747
441
31567
13788
11164
1337
10244
7841
22971
12452
5307
17066
8824
1271
25578
10050
1711
10438
14713
15215
3769
13854
14803
9393
32167
25620
5986
7841
16887
4055
12767
27670
27804
21338
10378
2358
27788
30626
32370
13039
30509
26881
29293
1863
8507
29095
12863
32074
27984
15195
28004
28610
3370
15999
5241
29244
18411
15743
19114
30167
30663
18473
5403
8630
18400
29995
6585
31
16500
10251
14239
26823
29514
1893
1689
32754
31234
6259
4890
17544
5591
22013
4980
7594
7057
10540
15253
13442
2367
20282
23379
8623
25759
20441
8553
24727
11385
32057
23421
4019
26201
26859
32464
22158
21050
17234
20427
12001
32106
18184
18670
1142
30450
5611
23445
25676
15033
2626
3947
12342
5042
16149
2472
11764
3793
22259
32279
24722
8159
12576
6412
6487
3254
12488
4677
10670
26363
27009
12929
19913
13834
19570
12099
7923
28948
7
14156
3070
19527
9460
10428
12108
4105
1157
6058
27719
7624
4196
28564
6826
24820
19847
26809
10091
17024
4996
17644
2598
4953
13527
31873
17395
13020
7854
17840
1891
15997
12289
9115
20660
10569
18340
26390
7529
15777
29582
6309
19010
31979
177
1344
14773
24421
28382
11298
31529
16373
7061
29673
8203
6533
28106
27263
21788
5507
11979
7984
14522
6442
14421
7207
27020
6612
28269
27360
3451
19354
20992
4594
9951
1551
26473
20137
26698
14085
22511
12453
8909
9505
10154
28215
3630
7787
19411
18737
2960
10777
15650
4578
3157
20238
20471
19199
26624
31657
19509
26584
11357
13911
22434
14251
30475
6040
10491
18225
12366
18777
14716
4012
3137
12276
1439
12481
11441
25244
13645
31361
12724
27234
8273
19086
10999
12912
2443
14600
804
5915
25830
26348
21410
4198
23155
5378
8814
7593
4718
8471
18244
9255
30556
26609
14750
9792
20692
16914
885
20911
24383
5055
31807
20192
16378
29280
10412
12264
18636
23162
20366
7357
3945
12113
126
3167
17588
2513
27220
16523
16757
19365
23346
2586
6466
14424
17355
31868
23400
27368
8735
31607
32644
893
29568
7114
23387
3021
5397
14237
24384
935
11569
3148
20014
22115
5799
17586
143
30290
25574
21961
7030
14968
16337
29512
4825
4068
13479
23474
15624
25331
8487
29596
32099
5014
18072
6015
20249
27937
1718
21754
5204
31060
532
19893
28932
3607
1518
13383
15934
6006
12125
20569
15038
31502
25542
8156
13057
21522
18563
12847
19207
22101
23445
15390
13227
20500
25179
26999
24164
1082
3147
2179
983
22686
25944
1738
25030
6254
17676
30367
20744
14919
1890
13543
13609
30647
20908
29217
1242
7508
17892
15166
1752
17448
19222
22869
19834
7561
28276
24995
11278
1357
12785
27895
14740
22682
11536
9672
16678
19870
6766
3723
12948
24962
25971
3994
9462
29769
14684
20342
2767
5048
27414
30870
24115
6109
6629
31556
27544
23952
4958
8166
32614
7405
16881
19253
26786
32300
19088
29679
17042
21001
6216
19424
4496
28953
31702
24907
16225
29144
27412
24525
6946
3356
3943
12882
21244
13204
14068
29040
10932
786
30562
24352
28178
25544
22555
20361
21294
26602
1229
4779
18828
26458
454
2993
29882
18885
5056
29404
15713
26319
2074
10889
18485
29205
844
15756
31295
15511
344
27399
4861
12382
19967
10411
30711
31608
15330
5654
25967
2461
21645
6219
596
22671
30556
8325
31413
22786
18552
29919
23711
9149
20374
28550
3809
31288
28097
32176
9525
20459
5889
13571
21851
24516
32219
3622
11607
25159
10147
18865
22300
11896
5171
24895
3667
10108
6594
18786
13565
24414
5197
29961
22753
22550
20334
18596
342
29884
797
22672
23591
6912
24903
3357
2224
11196
18043
7462
7984
18615
5020
3870
20594
20463
6160
5226
17158
5266
18102
26740
18023
31170
