3648
29785
9861
28315
5420
1836
8082
15326
29656
4904
12419
23513
2609
16015
7867
31094
12517
16253
31078
8964
25062
24753
19541
31207
27805
1820
9372
12544
12783
1068
17133
1498
9201
16597
6067
8345
1386
3428
25838
1699
9484
8707
8657
3083
4210
7179
31773
28610
31449
1037
4923
3708
21406
10398
18716
22627
18555
23014
17617
30079
12161
20967
745
17632
5333
21902
3982
8849
26666
23164
18014
8252
1538
15761
13323
7325
6308
22076
30129
26024
3292
29317
12794
20857
5749
2007
2036
31231
119
9359
4013
1896
17697
28229
18580
13644
10661
14557
4495
32409
22950
588
1755
7233
15986
24362
25000
17060
3583
9212
13680
18879
19879
22335
10011
11282
17571
14388
31188
2131
6729
26223
3497
4564
7173
30237
11237
7093
26393
32024
15661
10953
29204
25772
17757
14921
12819
3111
16672
7995
22459
2083
16721
13984
24562
2706
24597
19040
29792
16270
27572
22774
22440
10974
25404
11227
22886
21063
8404
26804
3561
16537
19937
2362
17837
11637
31962
26093
159
21983
1260
16248
22799
20871
31565
29411
8820
28887
26208
17531
14308
28604
1677
28033
13902
2356
20702
22677
7805
14236
30554
14560
6860
11703
6946
26628
25770
21629
1100
14021
1484
22954
31619
7284
28981
6913
8539
28959
12263
31332
24437
7802
7526
26261
20311
29580
28657
9418
13064
1817
2176
9971
23406
21715
18044
31434
6248
319
23361
7582
3755
28776
22868
16608
3933
6983
31588
19306
19827
20461
24322
9107
3275
18550
12064
3571
9993
17582
31307
11510
561
4736
12456
27939
21769
12579
1456
27178
21804
31491
12715
6319
10990
624
20205
16601
18163
3336
20179
5529
30094
23013
17021
29883
19419
7815
29513
7086
19099
26240
1810
23826
21202
16866
11309
8966
18466
28264
2335
18992
31974
26471
27680
8585
17422
2162
30289
6894
17597
11984
16060
30822
27556
1439
10511
564
5660
26820
27672
4508
21254
2714
1024
31861
21858
18518
3143
11636
29874
22844
15747
30002
22284
17539
2776
24578
8450
18953
6966
7285
18226
10679
6741
16041
23979
30130
7538
27734
262
23367
6087
15767
13633
3731
6859
24184
22106
17653
24110
15683
30384
27189
19347
20874
18201
31857
2571
18420
25794
15051
17749
7880
10442
4820
11480
32571
21918
30903
26204
24441
15890
5669
28812
14709
16964
31748
12588
25201
15921
17111
11034
20300
17940
17899
6150
20879
19586
25927
25073
6454
3655
31313
14439
1854
24574
27456
15739
7411
14706
2373
1671
5110
6840
9593
27808
27408
9992
2181
26843
29626
4448
14611
30787
11368
14039
15608
17301
29593
705
16670
1730
24480
30856
21555
29730
18223
32581
8211
3960
18088
19233
19958
15529
20004
111
345
32316
1087
27781
5549
8080
2474
28766
2754
18145
26990
30960
19442
11001
16897
8526
15885
26805
29450
23166
16392
13375
23540
13592
2660
25093
30516
10403
6496
891
24155
29871
3550
5014
731
30642
12565
28420
10137
6051
1788
5163
26422
6232
7026
26344
21277
31648
30253
29700
30540
18208
24937
28790
20195
19438
28492
28763
30063
19439
27163
4534
8435
6385
6943
