12731
4408
28362
4115
6958
21667
19850
3866
22884
15069
21772
24340
24816
20565
20103
24913
15314
31
27936
13163
20900
14006
24564
1642
1673
29811
30947
19353
23765
3020
29730
21286
1404
1870
11391
14461
2876
29528
18547
14433
1162
1949
11242
19663
30782
27735
15057
10898
24829
5964
14435
31910
31594
31874
20276
31053
19212
3777
3578
11507
509
19405
25886
5826
14168
20576
28935
29445
6240
12265
7457
20286
112
3079
27567
17413
9127
10180
28246
28839
14415
29329
15205
5242
19218
18182
27621
25090
10715
22870
28260
26565
4493
4499
14978
10990
2662
19879
12600
20388
